21
14.609256668833542 351.76033981216307
72.5287404839811 141.54379057430216
611.8431963259849 587.5586398897162
5.219626040787961 116.56887938937021
483.45876858961026 339.75084929065827
210.8939502638307 387.5509807668284
45.692639933169815 165.47270418130734
532.118269188236 564.1093006949698
634.8201765552625 528.4446660156195
422.7705720729679 335.6833263768931
523.9855283225104 284.5700863259612
740.3846061851859 63.88082764160141
490.96916300576584 416.92787176907376
419.9164161855108 546.5819334607024
589.2846280333371 474.00699998033593
371.55569820464535 180.12564430612392
142.13547338790238 517.4799971142317
465.79867743572936 569.7046709492853
663.596932151282 68.31626090214112
67.03297864354764 402.357590608647
575.1791618292401 156.0942728928012
